YEAR,TL2,TL3,TL4
1999,1.533252738370741,3.4862927053699146,1.2800018693168993
2000,2.122569794837331,4.216243150835389,2.0933445366803007
2001,3.7387458849652813,10.127044643830692,3.5138064553792163
2002,2.896390385528869,8.307112295743838,9.879096767611061
2003,2.654755245444519,8.049796985379267,3.0022621981602096
2004,5.9752619518830485,9.920928764525343,3.6454037596231967
2005,3.3066113347852846,7.129189373912311,2.842389597351801
2006,2.237255269910167,6.04517796449352,2.7217036067216864
2007,3.382384951116924,8.862982018144317,4.044982669735582
2008,3.1740735981689765,8.203562119948941,3.016818520224437
2009,2.705297630504164,6.800663336377288,2.463172729269133
2010,2.019574249574863,5.938783282865074,2.3346785734024307
2011,3.028442402499298,7.586273234527838,2.949632001242509
2012,2.671078317192389,6.1892136296508875,2.238950788323851
2014,3.3738356941475565,7.460790865153411,2.7091910463149373
2016,4.395636495422572,7.83246839339023,2.7703319506341515
